83 165 -117 -29 
67 33 -76 -34 
30 108 -120 -5 
130 163 -116 -26 
165 76 -88 -31 
58 137 -117 -47 
110 87 -113 -23 
160 26 -113 -18 
178 51 -79 -30 
188 165 -120 -21 
120 165 -90 0 
156 176 -120 -42 
36 36 -88 -56 
139 25 -105 2 
140 98 -104 -20 
100 69 -78 5 
174 164 -97 -3 
83 65 -76 -4 
90 92 -111 -41 
67 36 -96 -17 
165 66 -96 -19 
109 114 -95 1 
112 26 -80 -19 
140 153 -105 -49 
131 191 -112 -10 
146 118 -100 -23 
102 187 -89 -25 
179 112 -91 -18 
48 105 -104 -5 
65 173 -117 -1 
52 93 -93 3 
101 136 -82 -36 
139 183 -105 -37 
71 152 -109 -40 
105 59 -119 -45 
161 63 -95 -32 
129 85 -102 10 
83 94 -85 -56 
114 177 -107 7 
68 68 -105 -53 
155 72 -92 -19 
121 129 -93 -40 
113 62 -106 -54 
123 106 -91 5 
61 103 -84 -40 
107 75 -118 -35 
37 159 -83 7 
126 70 -78 -48 
32 39 -87 -1 
88 70 -90 -24 
71 105 -115 9 
56 82 -75 -10 
173 120 -94 -23 
65 149 -76 -51 
175 77 -76 -44 
46 136 -112 8 
83 46 -115 -40 
118 71 -83 -39 
186 175 -111 -18 
28 165 -102 -47 
147 178 -110 -46 
41 107 -118 -27 
109 63 -89 -2 
38 67 -104 9 
115 34 -119 -24 
110 159 -118 -34 
57 75 -107 -51 
29 26 -99 -35 
185 149 -86 -55 
106 53 -100 -34 
28 90 -102 10 
49 38 -112 -42 
130 28 -97 9 
132 37 -82 -4 
93 115 -106 -39 
174 101 -103 -51 
147 42 -94 -12 
168 138 -80 1 
128 155 -85 -37 
159 84 -93 -15 
192 153 -85 -10 
29 114 -86 -15 
85 146 -114 4 
80 36 -115 -31 
46 129 -107 -17 
56 38 -77 -25 
108 128 -114 6 
59 112 -82 1 
172 137 -116 -15 
146 181 -82 7 
68 148 -85 -17 
49 93 -111 -4 
190 150 -84 -14 
103 126 -103 -35 
84 168 -100 4 
92 94 -100 -14 
80 160 -98 -9 
70 138 -105 -40 
152 139 -94 -50 
167 75 -117 -13 
183 49 -109 -52 
47 192 -120 2 
154 96 -82 6 
142 159 -110 8 
129 80 -108 -10 
162 158 -112 -12 
135 50 -98 -28 
32 164 -76 -13 
50 175 -79 -43 
165 164 -80 9 
56 191 -95 -23 
56 30 -120 -2 
31 54 -113 -7 
147 167 -80 -50 
127 66 -111 -40 
169 187 -100 -39 
86 134 -77 -49 
80 57 -102 -15 
170 142 -105 -35 
43 177 -82 -36 
28 183 -90 -30 
70 30 -91 -49 
47 55 -116 -10 
